  7.2523909000E+00
  6.7631799203E+00
  0.0000000000E+00
  2.8869854819E-01
  0.0000000000E+00
  1.7248517970E+01
 0000 0.0000000000E+00
 0001 1.0466340394E-21
 0002 1.1755865905E-01
 0003 7.2323135422E-03
 0004 1.9140180103E-04
 0005 2.3197653784E-05
 0006 1.3354780648E-05
 0007 1.0402436567E-06
 0008 2.4620755903E-07
 0009 4.6703941776E-08
 0010 1.4734297133E-08
 0011 2.2164232948E-09
 0012 4.2950609185E-10
 0013 1.6956720968E-10
 0014 3.1856510615E-11
 0015 1.4676480368E-11
 0016 2.9695399605E-12
 0017 9.5677056020E-13
 0018 2.9314469933E-13
 0019 8.4797778367E-14
 0020 2.6702799915E-14
 0021 4.7588733538E-15
 0022 2.3804408820E-15
 0023 4.0526173428E-16
 0024 1.4755025030E-16
 0025 2.2369262582E-17
 0026 5.6951266493E-18
 0027 7.7667303925E-19
 0028 1.0593028971E-19
 0029 3.2197470511E-20
 0030 6.3842021989E-21
 0031 1.8855713009E-21
