  6.8514882403E+00
  6.0504239772E+00
  0.0000000000E+00
  2.8872915167E-01
  0.0000000000E+00
  1.9234879744E+01
 0000 0.0000000000E+00
 0001 8.7956264201E-22
 0002 9.9074719881E-02
 0003 2.3196283410E-02
 0004 1.5285916041E-03
 0005 6.2265071345E-04
 0006 4.0190451370E-04
 0007 1.1065613630E-04
 0008 6.6456175036E-05
 0009 1.7084025561E-05
 0010 1.4744340884E-05
 0011 6.2318635867E-06
 0012 2.5432868662E-06
 0013 2.1261640744E-06
 0014 8.7723355902E-07
 0015 8.2561974896E-07
 0016 3.9398215063E-07
 0017 2.7942407880E-07
 0018 1.6435576102E-07
 0019 1.1165269493E-07
 0020 6.7887474126E-08
 0021 3.7855412676E-08
 0022 2.2166397176E-08
 0023 8.4752633258E-09
 0024 3.2284119093E-09
 0025 4.4396522307E-10
 0026 8.3230890568E-11
 0027 5.7812150542E-12
 0028 1.1500972108E-12
 0029 3.9958597081E-13
 0030 1.4417955527E-13
 0031 4.9750360237E-14
