  7.4022033005E+00
  7.0248147307E+00
  0.0000000000E+00
  2.8867513459E-01
  0.0000000000E+00
  1.6654957427E+01
 0000 0.0000000000E+00
 0001 1.1376356084E-21
 0002 1.2499999999E-01
 0003 1.9617704982E-22
 0004 9.1796868565E-23
 0005 5.4169678542E-23
 0006 3.6164426481E-23
 0007 2.6077690900E-23
 0008 1.9829689394E-23
 0009 1.5680172302E-23
 0010 1.2779455726E-23
 0011 1.0670718265E-23
 0012 9.0895269685E-24
 0013 7.8740832366E-24
 0014 6.9205921449E-24
 0015 6.1597195806E-24
 0016 5.5444814577E-24
 0017 5.0406282732E-24
 0018 4.6247958381E-24
 0019 4.2784878674E-24
 0020 3.9886056708E-24
 0021 3.7449507554E-24
 0022 3.5398037705E-24
 0023 3.3670594649E-24
 0024 3.2220206929E-24
 0025 3.1009714591E-24
 0026 3.0009447712E-24
 0027 2.9196467391E-24
 0028 2.8553425843E-24
 0029 2.8066199304E-24
 0030 2.7725164382E-24
 0031 2.7521959822E-24
